11,60, 24,87, 0,23, 16,47, 37,91, 3,00, 28,27, 9,25, 32,47, 21,61
31,88, 43,67, 24,83, 1,49, 19,89, 2,38, 21,71, 32,17, 56,58, 66,24
10,77, 29,01, 9,31, 53,71, 3,39, 18,71, 59,60, 10,99, 77,42, 4,99
2,77, 8,30, 69,40, 12,60, 10,01, 42,44, 0,49, 44,13, 0,55, 13,27
74,96, 5,61, 0,76, 58,98, 7,70, 5,42, 7,48, 26,31, 28,42, 15,88
9,82, 2,37, 1,87, 35,21, 1,41, 63,11, 62,51, 17,05, 18,98, 32,56
39,98, 55,96, 10,32, 20,29, 2,81, 21,42, 7,66, 6,48, 0,91, 5,90
54,34, 16,13, 30,61, 33,05, 49,45, 16,12, 65,09, 1,98, 26,11, 1,03
8,26, 40,83, 41,30, 4,57, 34,37, 0,87, 60,38, 3,21, 49,47, 1,02
0,53, 1,72, 30,69, 28,84, 3,69, 0,47, 22,06, 1,90, 20,20, 60,52

