10279,00,24264,00,7567,00,14731,00,18578,00,16452,00,4803,00,12488,00,8223,00,25193,00
10279,00,24264,00,7567,00,14731,00,18578,00,16452,00,4803,00,12488,00,8223,00,25193,00
10279,00,24264,00,7567,00,14731,00,18578,00,16452,00,4803,00,12488,00,8223,00,25193,00
10279,00,24264,00,7567,00,14731,00,18578,00,16452,00,4803,00,12488,00,8223,00,25193,00
10279,00,24264,00,7567,00,14731,00,18578,00,16452,00,4803,00,12488,00,8223,00,25193,00
10279,00,24264,00,7567,00,14731,00,18578,00,16452,00,4803,00,12488,00,8223,00,25193,00
10279,00,24264,00,7567,00,14731,00,18578,00,16452,00,4803,00,12488,00,8223,00,25193,00
10279,00,24264,00,7567,00,14731,00,18578,00,16452,00,4803,00,12488,00,8223,00,25193,00
10279,00,24264,00,7567,00,14731,00,18578,00,16452,00,4803,00,12488,00,8223,00,25193,00
10279,00,24264,00,7567,00,14731,00,18578,00,16452,00,4803,00,12488,00,8223,00,25193,00
